      0/54     13.2G   0.08499   0.01513   0.02322    0.1233        76       640  0.005491   0.04065  0.001342 0.0002867    0.1092   0.01527    0.0242
      1/54     13.8G   0.07637   0.01172   0.02076    0.1088        71       640   0.02215   0.08729  0.005982  0.001402    0.1014   0.01341   0.02116
      2/54     11.7G   0.06987    0.0105   0.01754    0.0979        50       640   0.05972    0.1175   0.02287  0.008861   0.09723   0.01259   0.01881
      3/54     11.7G   0.06421   0.01022   0.01619   0.09062        82       640    0.0666   0.06753   0.03632    0.0138   0.09816   0.01156   0.01784
      4/54     13.1G   0.06092  0.009525   0.01545    0.0859        28       640    0.5417     0.159     0.107   0.05091   0.09358   0.01148   0.01868
      5/54     13.1G   0.05893  0.009755    0.0144   0.08308        76       640    0.8057    0.1789    0.1898    0.1049   0.08729   0.01201   0.01726
      6/54     13.1G   0.05817  0.009639   0.01397   0.08178        99       640    0.8603    0.1714    0.1814    0.1086   0.08773   0.01134   0.01635
      7/54     13.1G   0.05565  0.009828   0.01316   0.07864       111       640    0.7206    0.1784    0.1932   0.09254   0.08423   0.01162   0.01589
      8/54     13.1G   0.05543  0.008758    0.0126   0.07679        86       640    0.7897    0.1875    0.2145    0.1182    0.0799   0.01171    0.0159
      9/54     13.1G   0.05371  0.008881   0.01244   0.07503        57       640    0.3768    0.2778    0.2543    0.1297   0.07889    0.0113   0.01561
     10/54     13.1G   0.05369  0.009096   0.01231   0.07509        59       640    0.4305    0.2703    0.2489     0.117   0.07939    0.0111   0.01543
     11/54     13.1G   0.05174  0.008607   0.01226   0.07261        42       640    0.4133    0.2562    0.2705     0.136   0.07319   0.01188   0.01514
     12/54     13.1G   0.05104  0.008973   0.01199   0.07201        59       640    0.5878    0.2311    0.2739    0.1081   0.07481   0.01159   0.01519
     13/54     13.1G   0.05384  0.007821   0.01195   0.07361        77       640    0.4209    0.2816    0.3121    0.1708   0.07084   0.01177   0.01509
     14/54     13.1G   0.05131  0.008226   0.01181   0.07134        63       640     0.399    0.3431    0.3407    0.1921   0.06916   0.01228   0.01461
     15/54     13.1G   0.04939  0.007891   0.01129   0.06858        58       640    0.5296    0.2851    0.3465    0.1953   0.06769   0.01222   0.01408
     16/54     13.1G   0.05045  0.008728   0.01044   0.06962        58       640    0.4539    0.3728    0.3822    0.1979   0.06845   0.01201    0.0145
     17/54     13.1G   0.04927  0.007786   0.01042   0.06748       116       640     0.458    0.3641    0.3147    0.1533   0.06935   0.01185   0.01363
     18/54     13.1G   0.05093  0.007036  0.009783   0.06775        57       640    0.5991    0.3472    0.3923    0.1935   0.07067   0.01164   0.01402
     19/54     13.1G   0.04678  0.008238   0.01007   0.06509        52       640    0.3855    0.4866    0.3938    0.2104   0.06752   0.01159   0.01403
     20/54     13.1G   0.04531  0.007547   0.01041   0.06327        62       640    0.5197    0.4472    0.4258    0.2236   0.06687   0.01129   0.01362
     21/54     13.1G   0.04531  0.007942  0.008928   0.06218        56       640      0.51    0.4085    0.4066    0.2137   0.06816   0.01125    0.0135
     22/54     13.1G   0.04554  0.007598   0.00903   0.06217        64       640    0.4913    0.4104    0.3968    0.2147   0.06961   0.01105   0.01385
     23/54     13.1G   0.04353  0.008308  0.008261   0.06009        92       640     0.492    0.4124     0.396    0.2197    0.0681   0.01102   0.01251
     24/54     13.1G   0.04366   0.00836  0.007978      0.06        69       640    0.4927    0.4212    0.4152    0.2265   0.06393   0.01157   0.01242
     25/54     13.1G   0.04291  0.007858  0.008592   0.05936        96       640    0.5138    0.4416     0.429    0.2266   0.06719   0.01076    0.0124
     26/54     13.1G   0.04271  0.007862  0.007912   0.05848        92       640     0.547    0.4572    0.4151    0.2167   0.06575   0.01091   0.01257
     27/54     13.1G   0.04182  0.007762  0.008143   0.05772        46       640    0.5693    0.4491    0.4185    0.2192   0.06564   0.01061   0.01241
     28/54     13.1G   0.04135  0.007902   0.00774   0.05699        54       640    0.5058    0.4103    0.4055     0.212   0.06554    0.0109   0.01231
     29/54     13.1G   0.04043   0.00781  0.007767   0.05601        51       640    0.5059    0.3898    0.4052    0.2293   0.06316     0.011   0.01191
     30/54     13.1G   0.03939  0.008261  0.007346   0.05499        35       640    0.5336    0.5355    0.4644     0.245   0.06187   0.01088   0.01206
     31/54     13.1G    0.0398  0.007875  0.007288   0.05496        69       640    0.5792    0.5094     0.443    0.2377   0.06072   0.01095   0.01138
     32/54     13.1G    0.0392  0.007495  0.007529   0.05423        64       640    0.5415    0.4925      0.43    0.2271   0.06003   0.01102   0.01151
     33/54     13.1G   0.03983  0.007731  0.007567   0.05513        74       640    0.5991    0.4695    0.4566     0.241   0.06222   0.01087   0.01176
     34/54     13.1G   0.04031  0.008177  0.007073   0.05556        62       640    0.4956    0.5101    0.4265    0.2242   0.06145   0.01089   0.01165
     35/54     13.1G   0.03906  0.007812  0.008274   0.05515        67       640    0.5154    0.4807    0.4432    0.2435   0.06188   0.01075   0.01223
     36/54     13.1G   0.03862  0.007538  0.008261   0.05441        58       640    0.5528    0.4979    0.4718    0.2627   0.05889   0.01106   0.01194
     37/54     13.1G    0.0375  0.007741  0.007336   0.05258        51       640    0.5556    0.5138    0.4757    0.2622   0.05761   0.01066   0.01086
     38/54     13.1G   0.03774  0.008498  0.007674   0.05391       135       640    0.5508    0.5346    0.4674    0.2513   0.05809   0.01052   0.01045
     39/54     13.1G   0.03692  0.007835  0.006375   0.05113        76       640    0.5875    0.5192    0.4782    0.2636   0.05809    0.0105   0.01084
     40/54     13.1G   0.03735  0.007387   0.00643   0.05116        66       640    0.5989    0.5374    0.5124    0.2874   0.05774   0.01052   0.01055
     41/54     13.1G   0.03582  0.007897  0.007609   0.05132        71       640    0.6168    0.5032    0.4902    0.2641   0.05807    0.0103   0.01103
     42/54     13.1G   0.03544  0.008335  0.006746   0.05052        81       640    0.5482    0.5572     0.474    0.2663   0.05766   0.01022   0.01123
     43/54     13.1G   0.03605  0.007745  0.007416   0.05121        45       640    0.5594    0.5281    0.4818    0.2698   0.05784   0.01029   0.01079
     44/54     13.1G   0.03581  0.007163  0.006727    0.0497        71       640    0.5125    0.5626    0.4687    0.2627    0.0581   0.01051   0.01075
     45/54     13.1G   0.03384  0.008125   0.00613   0.04809       112       640     0.512    0.5277    0.4919    0.2755   0.05707   0.01031   0.01044
     46/54     13.1G   0.03399  0.006884  0.006836   0.04771        60       640    0.5648    0.5193    0.4905    0.2625   0.05704   0.01055   0.01038
     47/54     13.1G   0.03376  0.007462  0.005735   0.04695        69       640    0.6007    0.5396    0.4841    0.2639   0.05705   0.01037   0.01026
     48/54     13.1G   0.03325  0.007678  0.005933   0.04686        49       640    0.6263    0.5188    0.4752    0.2498   0.05758   0.01029  0.009998
     49/54     13.1G    0.0327  0.007635  0.006104   0.04644        72       640    0.6098    0.5305     0.469    0.2479     0.057   0.01014  0.009783
     50/54     13.1G   0.03278  0.007683   0.00576   0.04622        89       640    0.5671    0.5472    0.4696    0.2605   0.05692   0.01027  0.009796
     51/54     13.1G   0.03247  0.007653  0.006476    0.0466        96       640    0.5801    0.5398    0.4716    0.2545   0.05713   0.01009  0.009576
     52/54     13.1G   0.03277  0.007422  0.005897   0.04609        73       640    0.6205    0.5267    0.4924    0.2716   0.05671   0.01025  0.009491
     53/54     13.1G   0.03224   0.00781  0.005547    0.0456        87       640    0.5729    0.5475    0.4937    0.2778   0.05674    0.0103  0.009544
     54/54     13.1G   0.03169  0.008077  0.005047   0.04481        99       640    0.6152    0.5371    0.4912    0.2736   0.05633   0.01017  0.009719
